image: lab1.pgm
resolution: 0.020000
origin: [-22.120000, -25.960000, 0.000000]
negate: 0
occupied_thresh: 0.65
free_thresh: 0.196

